{
 "cells": [
  {
   "cell_type": "code",
   "execution_count": 2,
   "metadata": {},
   "outputs": [],
   "source": [
    "import copy\n",
    "from typing import Callable\n",
    "from dataclasses import dataclass\n",
    "\n",
    "import numpy as np\n",
    "import matplotlib\n",
    "import matplotlib.pyplot as plt\n",
    "matplotlib.rcParams[\"figure.dpi\"] = 100"
   ]
  },
  {
   "cell_type": "code",
   "execution_count": 39,
   "metadata": {},
   "outputs": [],
   "source": [
    "def ExplicitRungeKuttaFourthOrder(f: callable, X: np.array, dt: float):\n",
    "    k1 = f(X)\n",
    "    k2 = f(X + k1 * dt / 2)\n",
    "    k3 = f(X + k2 * dt / 2)\n",
    "    k4 = f(X + k3 * dt)\n",
    "    X += dt / 6 * (k1 + 2 * k2 + 2 * k3 + k4)\n",
    "    N = X.shape[0] // 4\n",
    "    X[0] = 0\n",
    "    X[1] = 1\n",
    "    X[2] = 0\n",
    "    X[3] = 1\n",
    "    X[0 + 2*N] = 0\n",
    "    X[1 + 2*N] = 0\n",
    "    X[2 + 2*N] = 1\n",
    "    X[3 + 2*N] = 1\n",
    "    \n",
    "    for i in range(0, N):\n",
    "        if X[i] > 1:\n",
    "            X[i] = 1\n",
    "        if X[i] < 0:\n",
    "            X[i] = 0\n",
    "\n",
    "    for i in range(2*N, 3*N):\n",
    "        if X[i] > 1:\n",
    "            X[i] = 1\n",
    "        if X[i] < 0:\n",
    "            X[i] = 0\n",
    "\n",
    "    return X"
   ]
  },
  {
   "cell_type": "code",
   "execution_count": 14,
   "metadata": {},
   "outputs": [
    {
     "data": {
      "application/vnd.plotly.v1+json": {
       "config": {
        "plotlyServerURL": "https://plot.ly"
       },
       "data": [
        {
         "type": "surface",
         "z": [
          [
           0.03354626279025113,
           0.03930396738177647,
           0.045902770052363706,
           0.053438179637048625,
           0.06201184808728824,
           0.07173117601093128,
           0.08270875532861052,
           0.09506163445519301,
           0.108910393370848,
           0.12437801855463086,
           0.14158857103468023,
           0.16066564476367984,
           0.1817306171337856,
           0.20490069865392044,
           0.2302867945490845,
           0.257991197202718,
           0.288105134817413,
           0.32070620825763835,
           0.35585575457692703,
           0.3935961820166996,
           0.43394832707389025,
           0.4769088893395859,
           0.5224480039784194,
           0.5705070147217756,
           0.6209965118756173,
           0.6737946999085461,
           0.7287461575340325,
           0.7856610497217793,
           0.8443148457062957,
           0.9044485898030854,
           0.9657697627537759,
           1.0279537605258187,
           1.0906460051810978,
           1.1534646888561184,
           1.2160041373790835,
           1.277838764953576,
           1.338527576074206,
           1.39761915584705,
           1.454657075623279,
           1.509185627775839,
           1.560755791998283,
           1.6089313260919342,
           1.653294867194163,
           1.693453925085242,
           1.7290466478163755,
           1.759747241562341,
           1.78527093135954,
           1.8053783571862139,
           1.8198793105186948,
           1.8286357298031526,
           1.8315638888734178,
           1.8286357298031526,
           1.8198793105186948,
           1.8053783571862139,
           1.78527093135954,
           1.759747241562341,
           1.7290466478163755,
           1.693453925085242,
           1.653294867194163,
           1.6089313260919342,
           1.560755791998283,
           1.509185627775839,
           1.454657075623279,
           1.39761915584705,
           1.338527576074206,
           1.277838764953576,
           1.2160041373790835,
           1.1534646888561162,
           1.0906460051810978,
           1.0279537605258204,
           0.9657697627537777,
           0.9044485898030854,
           0.8443148457062957,
           0.7856610497217793,
           0.7287461575340325,
           0.6737946999085461,
           0.6209965118756173,
           0.5705070147217756,
           0.5224480039784194,
           0.4769088893395859,
           0.43394832707388914,
           0.3935961820166996,
           0.35585575457692703,
           0.32070620825763835,
           0.288105134817413,
           0.257991197202718,
           0.2302867945490845,
           0.20490069865392044,
           0.1817306171337856,
           0.16066564476367984,
           0.14158857103468023,
           0.12437801855463086,
           0.108910393370848,
           0.09506163445519283,
           0.08270875532861052,
           0.07173117601093147,
           0.06201184808728835,
           0.053438179637048625,
           0.045902770052363706,
           0.03930396738177647
          ],
          [
           0.03930396738177647,
           0.04604989418960501,
           0.053781280739134796,
           0.06261002850089309,
           0.07265523643410916,
           0.0840427388236352,
           0.09690445227680457,
           0.11137751478448032,
           0.12760320204217304,
           0.14572560928312572,
           0.1658900907196331,
           0.18824145332215317,
           0.21292190706179523,
           0.2400687798444504,
           0.26981201208622974,
           0.30227145309873016,
           0.3375539890147368,
           0.37575053970407013,
           0.4169329697904116,
           0.46115096624330476,
           0.5084289418267254,
           0.558763029666888,
           0.612118239084727,
           0.6684258463573388,
           0.7275810959797687,
           0.7894412880744356,
           0.8538243256603928,
           0.9205077914184522,
           0.9892286173002172,
           1.0596834018257582,
           1.1315294192654919,
           1.2043863522533,
           1.2778387649535783,
           1.3514393180037565,
           1.4247127094450005,
           1.4971603081670397,
           1.5682654285090032,
           1.6374991770923017,
           1.7043267862488374,
           1.7682143330846847,
           1.8286357298031526,
           1.8850798598827254,
           1.937057726488147,
           1.9841094744370298,
           2.025811145410037,
           2.061781028038606,
           2.0916854700780747,
           2.115244029008002,
           2.1322338499113966,
           2.1424931750734664,
           2.1459239080080406,
           2.1424931750734664,
           2.1322338499113966,
           2.115244029008002,
           2.0916854700780747,
           2.061781028038606,
           2.025811145410035,
           1.9841094744370298,
           1.9370577264881488,
           1.8850798598827254,
           1.8286357298031526,
           1.7682143330846847,
           1.7043267862488374,
           1.6374991770923017,
           1.5682654285090032,
           1.4971603081670397,
           1.4247127094450005,
           1.3514393180037543,
           1.277838764953576,
           1.204386352253302,
           1.1315294192654919,
           1.0596834018257582,
           0.9892286173002172,
           0.9205077914184522,
           0.8538243256603928,
           0.7894412880744356,
           0.7275810959797687,
           0.6684258463573388,
           0.612118239084727,
           0.558763029666888,
           0.508428941826724,
           0.46115096624330476,
           0.4169329697904123,
           0.37575053970407013,
           0.3375539890147368,
           0.30227145309873016,
           0.26981201208622974,
           0.2400687798444504,
           0.21292190706179523,
           0.18824145332215317,
           0.1658900907196331,
           0.14572560928312572,
           0.12760320204217304,
           0.11137751478448032,
           0.09690445227680457,
           0.08404273882363543,
           0.07265523643410916,
           0.06261002850089309,
           0.053781280739134796,
           0.04604989418960501
          ],
          [
           0.045902770052363706,
           0.053781280739134796,
           0.0628107014976497,
           0.07312172110597079,
           0.08485343422815263,
           0.0981528016579028,
           0.11317388768175199,
           0.13007685459575757,
           0.14902669708613145,
           0.17019170275328033,
           0.19374162954856605,
           0.2198455963042529,
           0.24866968883909632,
           0.2803742912493044,
           0.31511115984444416,
           0.35302026561873606,
           0.3942264399798424,
           0.438835867472367,
           0.4869324781806127,
           0.538574301094766,
           0.5937898476747594,
           0.6525746018315052,
           0.714887698247781,
           0.7806488750706551,
           0.8497357892346329,
           0.9219817827633451,
           0.9971741861376457,
           1.0750532400574304,
           1.1553117095808356,
           1.2375952546934912,
           1.3215036089234835,
           1.4065926028455218,
           1.4923770524717292,
           1.5783345139557692,
           1.6639098861723642,
           1.748520822078175,
           1.8315638888734178,
           1.912421396468333,
           1.990468794240294,
           2.0650825181712564,
           2.135648154786772,
           2.2015687754376447,
           2.262273284868603,
           2.3172246221135224,
           2.365927649848091,
           2.4079365706033875,
           2.442861714753554,
           2.4703755558582268,
           2.490217823550547,
           2.5021996023677455,
           2.5062063262558762,
           2.5021996023677455,
           2.490217823550547,
           2.4703755558582268,
           2.442861714753554,
           2.4079365706033875,
           2.365927649848091,
           2.3172246221135224,
           2.262273284868603,
           2.2015687754376447,
           2.135648154786772,
           2.0650825181712564,
           1.990468794240294,
           1.912421396468333,
           1.8315638888734178,
           1.748520822078175,
           1.6639098861723642,
           1.5783345139557692,
           1.4923770524717266,
           1.4065926028455218,
           1.3215036089234835,
           1.2375952546934932,
           1.1553117095808356,
           1.0750532400574304,
           0.9971741861376457,
           0.9219817827633451,
           0.8497357892346329,
           0.7806488750706551,
           0.714887698247781,
           0.6525746018315052,
           0.5937898476747594,
           0.538574301094766,
           0.4869324781806127,
           0.438835867472367,
           0.3942264399798424,
           0.35302026561873606,
           0.31511115984444416,
           0.2803742912493044,
           0.24866968883909632,
           0.2198455963042529,
           0.19374162954856605,
           0.17019170275328033,
           0.14902669708613106,
           0.13007685459575757,
           0.11317388768175199,
           0.09815280165790306,
           0.08485343422815285,
           0.07312172110597079,
           0.0628107014976497,
           0.053781280739134796
          ],
          [
           0.053438179637048625,
           0.06261002850089309,
           0.07312172110597079,
           0.08512540013104992,
           0.09878299405312303,
           0.11426558878453857,
           0.13175253984152963,
           0.15143030180054293,
           0.17349095491448727,
           0.19813041291604278,
           0.2255463012620014,
           0.25593550137211785,
           0.28949136375242246,
           0.32640060119027553,
           0.36683988234690557,
           0.41097215588803493,
           0.45894274557472375,
           0.5108752672315215,
           0.5668674289252166,
           0.6269867856987424,
           0.691266529460036,
           0.7597014027577567,
           0.8322438318145439,
           0.9088003789727158,
           0.9892286173002172,
           1.0733345302078756,
           1.1608705362980032,
           1.2515342341223656,
           1.3449679529784149,
           1.4407591843112364,
           1.538441953810254,
           1.6374991770923017,
           1.7373660222513458,
           1.8374342809357131,
           1.9370577264881488,
           2.0355584136369993,
           2.1322338499113966,
           2.2263649450704053,
           2.3172246221135224,
           2.404086952606073,
           2.486236660812372,
           2.562978826135046,
           2.633648602186684,
           2.697620763945992,
           2.754318892228426,
           2.8032240073471697,
           2.8438824714184503,
           2.8759129911840247,
           2.8990125702320655,
           2.9129612806927727,
           2.917625749321697,
           2.9129612806927727,
           2.8990125702320655,
           2.8759129911840247,
           2.8438824714184503,
           2.8032240073471697,
           2.754318892228426,
           2.697620763945992,
           2.633648602186684,
           2.562978826135046,
           2.486236660812372,
           2.404086952606073,
           2.3172246221135224,
           2.2263649450704053,
           2.1322338499113966,
           2.0355584136369993,
           1.937057726488147,
           1.8374342809357118,
           1.7373660222513427,
           1.6374991770923046,
           1.538441953810254,
           1.4407591843112364,
           1.3449679529784149,
           1.2515342341223656,
           1.1608705362980032,
           1.0733345302078756,
           0.9892286173002172,
           0.9088003789727158,
           0.8322438318145439,
           0.7597014027577567,
           0.691266529460036,
           0.6269867856987424,
           0.5668674289252166,
           0.5108752672315215,
           0.45894274557472375,
           0.41097215588803493,
           0.36683988234690557,
           0.32640060119027553,
           0.28949136375242246,
           0.25593550137211785,
           0.2255463012620014,
           0.19813041291604278,
           0.17349095491448727,
           0.1514303018005425,
           0.13175253984152963,
           0.11426558878453857,
           0.09878299405312303,
           0.08512540013104992,
           0.07312172110597079,
           0.06261002850089309
          ],
          [
           0.06201184808728824,
           0.07265523643410916,
           0.08485343422815263,
           0.09878299405312303,
           0.11463182433300555,
           0.13259846015410964,
           0.15289103298913492,
           0.1757259123504474,
           0.20132599601534515,
           0.22991863028775675,
           0.2617331478262433,
           0.2969980178783701,
           0.33593761227508356,
           0.3787686001672491,
           0.4256959950911855,
           0.4769088893395859,
           0.5325759225453011,
           0.592840543564286,
           0.6578161368313337,
           0.7275810959797674,
           0.8021739382563705,
           0.881588562699694,
           0.9657697627537759,
           1.0546091095411148,
           1.1479413250276504,
           1.2455412644323325,
           1.347121624180691,
           1.4523314852706901,
           1.560755791998283,
           1.6719158525739015,
           1.78527093135954,
           1.9002209824996865,
           2.016110551961475,
           2.1322338499113966,
           2.2478409685200327,
           2.362145192381229,
           2.4743313205154287,
           2.583564891212204,
           2.6890021745988473,
           2.7898007736453856,
           2.8851306531492202,
           2.9741853988423137,
           3.0561934957992425,
           3.130429407347458,
           3.1962242331024564,
           3.252975727820895,
           3.300157471558715,
           3.3373269960326066,
           3.364132691820461,
           3.3803193456319844,
           3.385732185702312,
           3.3803193456319844,
           3.364132691820461,
           3.3373269960326066,
           3.300157471558715,
           3.252975727820895,
           3.1962242331024564,
           3.130429407347458,
           3.0561934957992425,
           2.9741853988423137,
           2.8851306531492202,
           2.7898007736453856,
           2.6890021745988473,
           2.583564891212204,
           2.4743313205154287,
           2.362145192381229,
           2.2478409685200305,
           2.1322338499113966,
           2.016110551961475,
           1.9002209824996878,
           1.78527093135954,
           1.6719158525739046,
           1.560755791998283,
           1.4523314852706901,
           1.347121624180691,
           1.2455412644323325,
           1.1479413250276504,
           1.0546091095411148,
           0.9657697627537759,
           0.881588562699694,
           0.8021739382563705,
           0.7275810959797674,
           0.6578161368313337,
           0.592840543564286,
           0.5325759225453011,
           0.4769088893395859,
           0.4256959950911855,
           0.3787686001672491,
           0.33593761227508356,
           0.2969980178783701,
           0.2617331478262433,
           0.22991863028775675,
           0.20132599601534515,
           0.1757259123504471,
           0.15289103298913492,
           0.13259846015410964,
           0.11463182433300555,
           0.09878299405312303,
           0.08485343422815263,
           0.07265523643410916
          ],
          [
           0.07173117601093128,
           0.0840427388236352,
           0.0981528016579028,
           0.11426558878453857,
           0.13259846015410964,
           0.15338106793244644,
           0.17685416474605722,
           0.20326803243710037,
           0.2328805043098386,
           0.26595455942787943,
           0.3027554745375813,
           0.34354752764896546,
           0.3885902571533861,
           0.43813429149486205,
           0.4924167766787445,
           0.5516564420760767,
           0.6160483587831047,
           0.6857584588830089,
           0.7609178979387948,
           0.8416173564846476,
           0.9279013887064751,
           1.0197629374183852,
           1.1171381433530823,
           1.2199015832061997,
           1.3278620743551026,
           1.4407591843112364,
           1.55826057943345,
           1.6799603399906473,
           1.8053783571862139,
           1.9339609122378194,
           2.0650825181712564,
           2.198049081902641,
           2.332102417858591,
           2.466426115363796,
           2.6001527309834405,
           2.7323722447292544,
           2.8621416863987204,
           2.9884958062585825,
           3.1104586337827023,
           3.227055740188642,
           3.3373269960326066,
           3.4403395949947955,
           3.5352010999907235,
           3.621072258516775,
           3.697179331155494,
           3.7628256807176186,
           3.8174023796703156,
           3.8603976101708897,
           3.891404653856275,
           3.910128296988924,
           3.9163895098987065,
           3.910128296988924,
           3.891404653856275,
           3.8603976101708897,
           3.8174023796703156,
           3.7628256807176186,
           3.697179331155491,
           3.621072258516775,
           3.535201099990725,
           3.4403395949947955,
           3.3373269960326066,
           3.227055740188642,
           3.1104586337827023,
           2.9884958062585825,
           2.8621416863987204,
           2.7323722447292544,
           2.6001527309834405,
           2.466426115363796,
           2.3321024178585894,
           2.198049081902641,
           2.0650825181712564,
           1.9339609122378212,
           1.8053783571862139,
           1.6799603399906473,
           1.55826057943345,
           1.4407591843112364,
           1.3278620743551026,
           1.2199015832061997,
           1.1171381433530823,
           1.0197629374183852,
           0.9279013887064735,
           0.8416173564846476,
           0.7609178979387948,
           0.6857584588830089,
           0.6160483587831047,
           0.5516564420760767,
           0.4924167766787445,
           0.43813429149486205,
           0.3885902571533861,
           0.34354752764896546,
           0.3027554745375813,
           0.26595455942787943,
           0.2328805043098386,
           0.20326803243709987,
           0.17685416474605722,
           0.15338106793244644,
           0.13259846015410964,
           0.11426558878453857,
           0.0981528016579028,
           0.0840427388236352
          ],
          [
           0.08270875532861052,
           0.09690445227680457,
           0.11317388768175199,
           0.13175253984152963,
           0.15289103298913492,
           0.17685416474605722,
           0.2039195319842279,
           0.23437571912115493,
           0.26852001769538225,
           0.30665565250033944,
           0.34908849764445726,
           0.3961232756554434,
           0.4480592441016619,
           0.5051853870456589,
           0.5677751427889421,
           0.6360807145580438,
           0.7103270266950448,
           0.7907054051593434,
           0.8773670772690176,
           0.9704166011051124,
           1.069905349326855,
           1.1758251847323533,
           1.288102475174357,
           1.4065926028455218,
           1.531075126960704,
           1.6612497590236985,
           1.796733305793554,
           1.937057726488147,
           2.0816694375305884,
           2.2299299802501196,
           2.3811181445399456,
           2.5344336148574698,
           2.6890021745988473,
           2.8438824714184503,
           2.9980743102713756,
           3.1505284037384023,
           3.300157471558715,
           3.4458485443310147,
           3.586476291174878,
           3.7209171588986045,
           3.8480640819880425,
           3.9668414995230563,
           4.0762203978366225,
           4.17523308709231,
           4.262987416516565,
           4.3386801371172,
           4.401609132448796,
           4.451184257206646,
           4.486936549755803,
           4.508525617506242,
           4.515745032486091,
           4.508525617506242,
           4.486936549755803,
           4.451184257206646,
           4.401609132448796,
           4.3386801371172,
           4.262987416516563,
           4.17523308709231,
           4.0762203978366225,
           3.9668414995230563,
           3.8480640819880425,
           3.7209171588986045,
           3.586476291174878,
           3.4458485443310147,
           3.300157471558715,
           3.1505284037384023,
           2.9980743102713756,
           2.8438824714184503,
           2.6890021745988473,
           2.5344336148574724,
           2.381118144539948,
           2.229929980250122,
           2.0816694375305884,
           1.937057726488147,
           1.796733305793554,
           1.6612497590236985,
           1.531075126960704,
           1.4065926028455218,
           1.288102475174357,
           1.1758251847323533,
           1.0699053493268533,
           0.9704166011051124,
           0.8773670772690192,
           0.7907054051593434,
           0.7103270266950448,
           0.6360807145580438,
           0.5677751427889421,
           0.5051853870456589,
           0.4480592441016619,
           0.3961232756554434,
           0.34908849764445726,
           0.30665565250033944,
           0.26852001769538225,
           0.23437571912115454,
           0.2039195319842279,
           0.17685416474605722,
           0.15289103298913492,
           0.13175253984152963,
           0.11317388768175199,
           0.09690445227680457
          ],
          [
           0.09506163445519301,
           0.11137751478448032,
           0.13007685459575757,
           0.15143030180054293,
           0.1757259123504474,
           0.20326803243710037,
           0.23437571912115493,
           0.2693806580421493,
           0.3086245424035595,
           0.3524558848187873,
           0.40122624290188796,
           0.45528585069307076,
           0.5149786610599432,
           0.5806368189756489,
           0.6525746018315052,
           0.7310818804015807,
           0.816417172366399,
           0.9088003789727158,
           1.0084053139355793,
           1.115352151498215,
           1.2296999370293116,
           1.3514393180037543,
           1.480485665022418,
           1.6166727610374958,
           1.759747241562341,
           1.9093639688283481,
           2.0650825181712564,
           2.2263649450704075,
           2.3925749860562493,
           2.562978826135046,
           2.7367475396233436,
           2.9129612806927727,
           3.0906152650384597,
           3.2686275456256895,
           3.4458485443310147,
           3.6210722585167776,
           3.7930490183228214,
           3.9604996279739924,
           4.122130683980278,
           4.276650826045223,
           4.422787644049665,
           4.559304937803925,
           4.685020006387468,
           4.798820631666542,
           4.899681416627522,
           4.9866791438701625,
           5.059006833086098,
           5.115986198439583,
           5.157078237024138,
           5.181891717272583,
           5.19018938038054,
           5.181891717272583,
           5.157078237024138,
           5.115986198439583,
           5.059006833086098,
           4.9866791438701625,
           4.899681416627518,
           4.798820631666542,
           4.685020006387468,
           4.559304937803925,
           4.422787644049665,
           4.276650826045223,
           4.122130683980278,
           3.9604996279739924,
           3.7930490183228214,
           3.6210722585167776,
           3.4458485443310147,
           3.2686275456256895,
           3.0906152650384597,
           2.9129612806927727,
           2.7367475396233436,
           2.562978826135046,
           2.3925749860562493,
           2.2263649450704075,
           2.0650825181712564,
           1.9093639688283481,
           1.759747241562341,
           1.6166727610374958,
           1.480485665022418,
           1.3514393180037543,
           1.2296999370293116,
           1.115352151498212,
           1.008405313935581,
           0.9088003789727158,
           0.816417172366399,
           0.7310818804015807,
           0.6525746018315052,
           0.5806368189756489,
           0.5149786610599432,
           0.45528585069307076,
           0.40122624290188796,
           0.3524558848187873,
           0.3086245424035595,
           0.2693806580421488,
           0.23437571912115493,
           0.20326803243710037,
           0.1757259123504474,
           0.15143030180054293,
           0.13007685459575757,
           0.11137751478448032
          ],
          [
           0.108910393370848,
           0.12760320204217304,
           0.14902669708613145,
           0.17349095491448727,
           0.20132599601534515,
           0.2328805043098386,
           0.26852001769538225,
           0.3086245424035595,
           0.35358555015075754,
           0.40380232552784046,
           0.45967764172778663,
           0.5216127555489839,
           0.5900017275641023,
           0.6652250902549179,
           0.7476429055382326,
           0.8375872731113747,
           0.9353543720000995,
           1.04119613908119,
           1.1553117095808356,
           1.2778387649535783,
           1.4088449524092241,
           1.5483195569290913,
           1.6961656201429292,
           1.8521927101886722,
           2.016110551961475,
           2.1875237273690615,
           2.365927649848091,
           2.550706006101484,
           2.741129840592625,
           2.9363584347699345,
           3.135442103486752,
           3.33732699603261,
           3.5408619492224487,
           3.744807395928763,
           3.947846285310256,
           4.148596921981324,
           4.345627581810221,
           4.53747271335899,
           4.722650487668004,
           4.899681416627522,
           5.067107723002779,
           5.223513114619605,
           5.367542592447809,
           5.497921908309817,
           5.6134762834133785,
           5.71314800429917,
           5.796012528239429,
           5.861292755433444,
           5.908371160010664,
           5.936799515048389,
           5.946305997430319,
           5.936799515048389,
           5.908371160010664,
           5.861292755433444,
           5.796012528239429,
           5.71314800429917,
           5.613476283413372,
           5.497921908309817,
           5.367542592447809,
           5.223513114619605,
           5.067107723002779,
           4.899681416627522,
           4.722650487668004,
           4.53747271335899,
           4.345627581810221,
           4.148596921981324,
           3.9478462853102525,
           3.744807395928763,
           3.5408619492224487,
           3.33732699603261,
           3.135442103486752,
           2.9363584347699345,
           2.741129840592625,
           2.550706006101484,
           2.365927649848091,
           2.1875237273690615,
           2.016110551961475,
           1.8521927101886722,
           1.6961656201429292,
           1.5483195569290913,
           1.4088449524092241,
           1.277838764953576,
           1.1553117095808376,
           1.04119613908119,
           0.9353543720000995,
           0.8375872731113747,
           0.7476429055382326,
           0.6652250902549179,
           0.5900017275641023,
           0.5216127555489839,
           0.45967764172778663,
           0.40380232552784046,
           0.35358555015075754,
           0.3086245424035595,
           0.26852001769538225,
           0.23288050430983917,
           0.20132599601534548,
           0.17349095491448727,
           0.14902669708613145,
           0.12760320204217304
          ],
          [
           0.12437801855463086,
           0.14572560928312572,
           0.17019170275328033,
           0.19813041291604278,
           0.22991863028775675,
           0.26595455942787943,
           0.30665565250033944,
           0.3524558848187873,
           0.40380232552784046,
           0.4611509662433039,
           0.5249617826398503,
           0.5956930186368178,
           0.6737946999085461,
           0.7597014027577567,
           0.8538243256603928,
           0.9565427336345868,
           1.068194869516683,
           1.1890684506545357,
           1.31939089377204,
           1.4593194340602256,
           1.6089313260919342,
           1.7682143330846816,
           1.9370577264881454,
           2.1152440290079997,
           2.3024417402129447,
           2.498199284111961,
           2.701940411965192,
           2.9129612806927696,
           3.130429407347458,
           3.353384673208054,
           3.5807425173512577,
           3.811299419532918,
           4.0437407265637475,
           4.276650826045223,
           4.508525617506238,
           4.7377871750116505,
           4.96280043871904,
           5.181891717272581,
           5.393368730035597,
           5.595541869672463,
           5.786746323135112,
           5.965364654209554,
           6.12984942477439,
           6.278745415923809,
           6.410711004935682,
           6.524538260223365,
           6.619171334048259,
           6.6937227616750095,
           6.747487315238687,
           6.779953109924778,
           6.79080971787094,
           6.779953109924778,
           6.747487315238687,
           6.6937227616750095,
           6.619171334048259,
           6.524538260223365,
           6.410711004935676,
           6.278745415923809,
           6.129849424774395,
           5.965364654209554,
           5.786746323135112,
           5.595541869672463,
           5.393368730035597,
           5.181891717272581,
           4.96280043871904,
           4.7377871750116505,
           4.508525617506238,
           4.27665082604522,
           4.043740726563745,
           3.811299419532918,
           3.5807425173512577,
           3.353384673208057,
           3.130429407347458,
           2.9129612806927696,
           2.701940411965192,
           2.498199284111961,
           2.3024417402129447,
           2.1152440290079997,
           1.9370577264881454,
           1.7682143330846816,
           1.6089313260919311,
           1.4593194340602256,
           1.31939089377204,
           1.1890684506545357,
           1.068194869516683,
           0.9565427336345868,
           0.8538243256603928,
           0.7597014027577567,
           0.6737946999085461,
           0.5956930186368178,
           0.5249617826398503,
           0.4611509662433039,
           0.40380232552784046,
           0.3524558848187867,
           0.30665565250033944,
           0.26595455942787943,
           0.2299186302877572,
           0.19813041291604278,
           0.17019170275328033,
           0.14572560928312572
          ],
          [
           0.14158857103468023,
           0.1658900907196331,
           0.19374162954856605,
           0.2255463012620014,
           0.2617331478262433,
           0.3027554745375813,
           0.34908849764445726,
           0.40122624290188796,
           0.45967764172778663,
           0.5249617826398503,
           0.5976022895005932,
           0.6781208147891172,
           0.7670296555567719,
           0.8648235217082719,
           0.971970510462865,
           1.088902366855444,
           1.2160041373790835,
           1.3536033516778374,
           1.501958894796987,
           1.6612497590236985,
           1.8315638888734178,
           2.0128873543240626,
           2.2050941049899153,
           2.4079365706033853,
           2.6210373800428695,
           2.8438824714184494,
           3.075815858756201,
           3.316036306137831,
           3.5635961375006486,
           3.8174023796703134,
           4.076220397836619,
           4.338680137117197,
           4.603285031891859,
           4.868423587308245,
           5.1323835760864,
           5.393368730035597,
           5.649517741270936,
           5.898925324837895,
           6.1396650342476145,
           6.369813466224803,
           6.587475442640289,
           6.79080971787094,
           6.978054730228271,
           7.1475538978836735,
           7.297779953830484,
           7.427357821433383,
           7.5350855521947535,
           7.6199528802719465,
           7.681156993344828,
           7.718115175590591,
           7.730474044329972,
           7.718115175590591,
           7.681156993344828,
           7.6199528802719465,
           7.5350855521947535,
           7.427357821433383,
           7.297779953830484,
           7.1475538978836735,
           6.978054730228271,
           6.79080971787094,
           6.587475442640289,
           6.369813466224803,
           6.1396650342476145,
           5.898925324837895,
           5.649517741270936,
           5.393368730035597,
           5.1323835760863945,
           4.86842358730824,
           4.603285031891857,
           4.3386801371172,
           4.0762203978366225,
           3.8174023796703156,
           3.5635961375006486,
           3.316036306137831,
           3.075815858756201,
           2.8438824714184494,
           2.6210373800428695,
           2.4079365706033853,
           2.2050941049899153,
           2.0128873543240626,
           1.8315638888734178,
           1.6612497590236985,
           1.501958894796987,
           1.3536033516778374,
           1.2160041373790835,
           1.088902366855444,
           0.971970510462865,
           0.8648235217082719,
           0.7670296555567719,
           0.6781208147891172,
           0.5976022895005932,
           0.5249617826398503,
           0.45967764172778663,
           0.40122624290188796,
           0.34908849764445726,
           0.3027554745375813,
           0.2617331478262433,
           0.2255463012620014,
           0.19374162954856605,
           0.1658900907196331
          ],
          [
           0.16066564476367984,
           0.18824145332215317,
           0.2198455963042529,
           0.25593550137211785,
           0.2969980178783701,
           0.34354752764896546,
           0.3961232756554434,
           0.45528585069307076,
           0.5216127555489839,
           0.5956930186368178,
           0.6781208147891172,
           0.7694880818387471,
           0.8703761416781789,
           0.9813463594319505,
           1.102929901853091,
           1.2356166855633806,
           1.3798436366693705,
           1.5359824148400343,
           1.7043267862488374,
           1.8850798598827236,
           2.0783414295469007,
           2.2840956883442223,
           2.502199602367744,
           2.7323722447292544,
           2.9741853988423137,
           3.227055740188642,
           3.490238897886567,
           3.7628256807176186,
           4.0437407265637475,
           4.3317437994476995,
           4.625433914838173,
           4.923256422176657,
           5.223513114619601,
           5.524375370989505,
           5.823900265399722,
           6.120049507719045,
           6.410711004935682,
           6.693722761675016,
           6.966898769808185,
           7.228056474450234,
           7.475045348804832,
           7.705776065230285,
           7.918249716311945,
           8.11058651905849,
           8.281053428658753,
           8.428090096190505,
           8.55033262745713,
           8.64663463746579,
           8.716085146198125,
           8.758022925048621,
           8.772046977979238,
           8.758022925048621,
           8.716085146198125,
           8.64663463746579,
           8.55033262745713,
           8.428090096190505,
           8.281053428658746,
           8.11058651905849,
           7.918249716311952,
           7.705776065230285,
           7.475045348804832,
           7.228056474450234,
           6.966898769808185,
           6.693722761675016,
           6.410711004935682,
           6.120049507719045,
           5.823900265399722,
           5.524375370989502,
           5.223513114619601,
           4.923256422176657,
           4.625433914838173,
           4.3317437994476995,
           4.0437407265637475,
           3.7628256807176186,
           3.490238897886567,
           3.227055740188642,
           2.9741853988423137,
           2.7323722447292544,
           2.502199602367744,
           2.2840956883442223,
           2.0783414295469007,
           1.8850798598827236,
           1.70432678624884,
           1.5359824148400343,
           1.3798436366693705,
           1.2356166855633806,
           1.102929901853091,
           0.9813463594319505,
           0.8703761416781789,
           0.7694880818387471,
           0.6781208147891172,
           0.5956930186368178,
           0.5216127555489839,
           0.45528585069306954,
           0.3961232756554434,
           0.34354752764896607,
           0.2969980178783701,
           0.25593550137211785,
           0.2198455963042529,
           0.18824145332215317
          ],
          [
           0.1817306171337856,
           0.21292190706179523,
           0.24866968883909632,
           0.28949136375242246,
           0.33593761227508356,
           0.3885902571533861,
           0.4480592441016619,
           0.5149786610599432,
           0.5900017275641023,
           0.6737946999085461,
           0.7670296555567719,
           0.8703761416781789,
           0.9844916976392443,
           1.1100112894942837,
           1.2475357255988733,
           1.39761915584705,
           1.560755791998283,
           1.7373660222513458,
           1.9277821286449681,
           2.1322338499113966,
           2.3508340638835534,
           2.583564891212202,
           2.8302645447261128,
           3.0906152650384597,
           3.364132691820461,
           3.650157020514334,
           3.9478462853102525,
           4.256172090364997,
           4.573918082165997,
           4.899681416627518,
           5.231877425267125,
           5.568747626326995,
           5.908371160010661,
